"sensor_fusion":
[   id, xpos,     ypos,     v_x,      v_y,          s,        d
    [0, 1104.496, 1180.534, 14.93567, 2.602286,     327.8165, 5.593877],
    [1, 899.132,  1124.793, 18.53895, 0.009354961,  114.5417, 10.00733],
    [2, 1075.127, 1171.933, 15.81239, 6.646762,     295.5926, 6.029208],
    [3, 1086.789, 1171.865, 2.803857, 0.8775838,    307.8892, 9.895656],
    [4, 924.2803, 1124.935, 19.79928, 0.2018926,    139.6011, 10.02748],
    [5, 1121.663, 1178.809, 16.07514, 1.513125,     344.6179, 9.514977],
    [6, 1078.085, 1168.776, 1.188967, 0.4497133,    297.1045, 10.08263],
    [7, 1108.381, 1177.252, 6.856273, 1.027336,     331.2463, 9.348332],
    [8, 1128.974, 1187.546, 16.7147,  1.390246,     353.0867, 1.703959],
    [9, 1101.443, 1184.231, 16.39768, 3.098356,     325.0946, 1.431817],
    [10, 892.6405,1124.786, 14.90365, -0.003922304, 108.0503, 10.01611],
    [11, 1117.336,1186.328, 12.31223, 1.608594,     341.2954, 1.50182]]